=== CLASSIFICATION REPORT: v3.2 ===

              precision    recall  f1-score   support

           0     1.0000    0.7200    0.8372        50
           1     1.0000    0.8200    0.9011        50
           2     0.8077    0.8400    0.8235        50
           3     0.6429    0.9000    0.7500        50
           4     0.9615    1.0000    0.9804        50
           5     0.8065    1.0000    0.8929        50
           6     0.9000    0.7200    0.8000        50
           7     0.9444    0.6800    0.7907        50
           8     0.7206    0.9800    0.8305        50
           9     0.9767    0.8400    0.9032        50

    accuracy                         0.8500       500
   macro avg     0.8760    0.8500    0.8510       500
weighted avg     0.8760    0.8500    0.8510       500
