=== CLASSIFICATION REPORT: v3.1 ===

              precision    recall  f1-score   support

           0     0.9362    0.8800    0.9072        50
           1     1.0000    0.4600    0.6301        50
           2     0.9000    0.9000    0.9000        50
           3     0.6571    0.9200    0.7667        50
           4     0.9655    0.5600    0.7089        50
           5     0.6081    0.9000    0.7258        50
           6     0.7111    0.6400    0.6737        50
           7     0.9474    0.7200    0.8182        50
           8     0.7206    0.9800    0.8305        50
           9     0.6964    0.7800    0.7358        50

    accuracy                         0.7740       500
   macro avg     0.8142    0.7740    0.7697       500
weighted avg     0.8142    0.7740    0.7697       500
