=== CLASSIFICATION REPORT: v3 ===

              precision    recall  f1-score   support

           0     0.3125    0.1000    0.1515        50
           1     1.0000    0.6200    0.7654        50
           2     0.6458    0.6200    0.6327        50
           3     0.4476    0.9400    0.6065        50
           4     0.8919    0.6600    0.7586        50
           5     0.5679    0.9200    0.7023        50
           6     0.4889    0.8800    0.6286        50
           7     0.2222    0.0800    0.1176        50
           8     0.9216    0.9400    0.9307        50
           9     0.9130    0.4200    0.5753        50

    accuracy                         0.6180       500
   macro avg     0.6411    0.6180    0.5869       500
weighted avg     0.6411    0.6180    0.5869       500
