=== CLASSIFICATION REPORT: v2 ===

              precision    recall  f1-score   support

           0     0.7895    0.9000    0.8411        50
           1     1.0000    0.7200    0.8372        50
           2     0.5600    0.2800    0.3733        50
           3     0.4898    0.9600    0.6486        50
           4     0.9697    0.6400    0.7711        50
           5     0.8085    0.7600    0.7835        50
           6     0.8261    0.3800    0.5205        50
           7     0.3288    0.4800    0.3902        50
           8     0.6400    0.9600    0.7680        50
           9     0.7879    0.5200    0.6265        50

    accuracy                         0.6600       500
   macro avg     0.7200    0.6600    0.6560       500
weighted avg     0.7200    0.6600    0.6560       500
