=== CLASSIFICATION REPORT: v4.0 ===

              precision    recall  f1-score   support

           0     0.9960    0.9920    0.9940       250
           1     1.0000    0.9960    0.9980       250
           2     0.9960    0.9960    0.9960       250
           3     1.0000    1.0000    1.0000       250
           4     1.0000    1.0000    1.0000       250
           5     0.9960    1.0000    0.9980       250
           6     1.0000    0.9960    0.9980       250
           7     0.9881    1.0000    0.9940       250
           8     0.9960    1.0000    0.9980       250
           9     1.0000    0.9920    0.9960       250

    accuracy                         0.9972      2500
   macro avg     0.9972    0.9972    0.9972      2500
weighted avg     0.9972    0.9972    0.9972      2500
