=== CLASSIFICATION REPORT: v2.2 ===

              precision    recall  f1-score   support

           0     0.8182    0.5400    0.6506        50
           1     1.0000    0.4800    0.6486        50
           2     0.6667    0.4400    0.5301        50
           3     0.6607    0.7400    0.6981        50
           4     0.8276    0.4800    0.6076        50
           5     0.8200    0.8200    0.8200        50
           6     0.6452    0.8000    0.7143        50
           7     0.2935    0.5400    0.3803        50
           8     0.6364    0.9800    0.7717        50
           9     0.6818    0.6000    0.6383        50

    accuracy                         0.6420       500
   macro avg     0.7050    0.6420    0.6460       500
weighted avg     0.7050    0.6420    0.6460       500
