=== CLASSIFICATION REPORT: v1 ===

              precision    recall  f1-score   support

           0     1.0000    0.9600    0.9796        50
           1     0.9804    1.0000    0.9901        50
           2     0.9615    1.0000    0.9804        50
           3     0.9800    0.9800    0.9800        50
           4     1.0000    1.0000    1.0000        50
           5     1.0000    0.9600    0.9796        50
           6     0.9615    1.0000    0.9804        50
           7     1.0000    0.9600    0.9796        50
           8     1.0000    1.0000    1.0000        50
           9     0.9608    0.9800    0.9703        50

    accuracy                         0.9840       500
   macro avg     0.9844    0.9840    0.9840       500
weighted avg     0.9844    0.9840    0.9840       500
