=== CLASSIFICATION REPORT: v2.1 ===

              precision    recall  f1-score   support

           0     1.0000    0.6200    0.7654        50
           1     1.0000    0.7200    0.8372        50
           2     0.6724    0.7800    0.7222        50
           3     0.3356    1.0000    0.5025        50
           4     0.8780    0.7200    0.7912        50
           5     0.6731    0.7000    0.6863        50
           6     0.8462    0.2200    0.3492        50
           7     0.7500    0.5400    0.6279        50
           8     0.7288    0.8600    0.7890        50
           9     0.8400    0.4200    0.5600        50

    accuracy                         0.6580       500
   macro avg     0.7724    0.6580    0.6631       500
weighted avg     0.7724    0.6580    0.6631       500
